-195
820
-151
572
-15
25
-772
-866
-843
391
-592
439
-245
923
-985
-356
72
-541
-864
-211
41
-652
-883
446
-91
-219
503
62
922
-929
-173
829
196
-784
-498
220
-211
277
-357
66
-798
-278
-595
-987
-554
523
-66
-3
292
-374
728
-806
439
-230
-796
19
935
864
-602
-18
127
528
-674
255
714
-551
118
1
540
-569
-986
544
257
-561
747
524
-999
923
-326
-656
-663
-723
-492
-567
363
-422
456
-15
-547
-489
-76
890
683
715
-557
488
572
-300
-117
513
-738
-36
-9
875
-832
-721
-285
913
-342
-412
-935
-992
-580
-524
-960
-80
-649
-675
-452
-561
-667
-166
512
-867
-84
316
987
764
291
632
99
78
-57
132
78
-821
-845
869
99
-861
-817
-569
550
839
-345
739
628
-229
-308
156
792
-617
-8
-37
-108
-328
630
435
932
-55
908
307
-302
-825
117
-892
536
737
130
826
-446
-740
-547
-966
426
422
77
700
-316
909
884
667
469
615
856
945
-862
938
407
-315
-248
-671
557
-490
842
-204
-725
-57
-153
-77
-429
716
-666
-180
-319
-420
-240
241
500
494
-945
500
328
-711
-647
-789
943
-60
-755
-532
-786
994
-701
-838
290
-588
182
-93
-691
-163
-903
-943
-839
-793
-994
-221
-681
-181
782
827
-718
-174
-794
507
131
988
676
-729
-172
956
-439
-96
549
-403
-82
-151
-409
-238
-384
-389
-507
-40
-566
-450
-392
-532
-296
-254
-924
-18
-945
-354
-990
-480
-373
-665
-755
-135
-654
-49
-757
-589
-585
-528
-211
-854
-523
-704
-318
-563
-655
-49
-206
-684
-639
-768
-835
-927
-767
-47
-958
-392
-17
-801
-384
-954
-111
-118
-859
-415
-195
-463
-737
-880
-310
-450
-72
-852
-704
-139
-38
-73
-472
-387
-256
-87
-670
-439
-199
-340
-279
-673
-298
-880
-358
-547
-238
-548
-637
-881
-164
-330
-278
-432
-224
-830
-902
-29
-263
-650
-59
-636
-45
-5
-547
-507
-36
-746
-456
-92
-964
-976
-506
-367
-632
