131
656
523
-816
-511
-972
-420
-156
238
965
985
286
672
-976
-190
-107
99
561
-944
-333
-932
258
-979
119
260
371
-159
-431
445
963
752
663
408
-797
803
-112
282
-816
834
-751
-814
-809
-758
-892
245
984
156
-37
-959
-50
-357
703
-783
138
52
386
476
886
882
508
-74
-726
372
-72
230
-107
425
-15
-337
385
383
-769
-604
-741
798
268
986
120
361
681
-656
-544
-146
-928
526
193
-882
-928
-139
-316
-427
-642
-310
-50
956
89
365
-473
-579
-840
649
679
-622
584
413
826
-512
-847
446
711
459
683
-999
37
983
877
-778
-525
105
-346
-883
-406
653
-850
-9
-715
-348
-159
-340
741
347
-284
-55
-208
-859
439
-946
-936
-535
750
-322
430
-949
-556
888
-412
658
84
890
343
398
448
-784
839
-969
162
-581
-629
356
-319
-130
711
708
64
-200
-62
444
-74
-675
-815
227
364
-703
-819
744
19
885
105
-663
731
-176
-627
103
981
992
-336
-998
-625
-651
-725
-807
-505
750
-854
203
527
-971
405
-877
413
-9
-434
-16
710
603
-733
190
-591
-592
-616
-212
256
835
723
-15
227
-880
416
-57
-154
117
963
458
-316
331
-261
-911
126
-143
696
-811
816
-781
314
54
-714
849
-452
341
-21
54
833
864
-452
914
310
-508
945
134
631
-596
-617
-326
-324
865
-754
620
-702
453
247
-168
-969
948
790
974
-200
610
333
-3
859
611
40
-222
890
-977
454
-967
-204
-270
15
-253
-663
201
-840
-761
373
848
600
-448
-69
986
-912
-705
-556
-73
-462
-450
-587
-239
-656
-689
-723
-138
-223
-320
-26
-869
-89
-893
-493
-767
-309
-954
-247
-556
-940
-555
-7
-526
-282
-118
-202
-202
-833
-934
-467
-795
-889
-148
-726
-561
-759
-317
-728
-963
-319
-895
-640
-413
-773
-872
-762
-200
-194
-694
-396
-949
-351
-704
-80
-123
-776
-746
-639
-959
-100
-751
-404
-697
-397
-833
-468
-379
-250
-303
