204
66
-466
-374
-243
-172
787
-291
62
-579
521
89
794
-15
-53
-762
429
572
-534
15
-337
244
-633
-689
-916
-403
-182
-65
-154
-85
-343
547
385
-619
-867
-745
232
-797
-351
65
339
344
-36
772
396
205
285
648
334
266
254
-730
801
-186
-951
597
-877
-686
-295
-324
919
-679
-305
68
415
304
393
-520
-563
-151
-87
-899
1000
-990
-359
-606
700
-862
-976
-532
-621
-711
770
585
-761
-937
54
-951
300
-653
26
444
-95
23
-499
-311
-759
-205
-538
-442
311
52
402
610
577
218
590
-286
-583
765
180
-417
-903
-486
1
125
385
589
265
-882
510
916
-380
-83
-509
-790
-594
-513
602
-1000
168
939
-50
-311
272
18
-147
-284
-872
865
-371
-397
783
476
382
-283
335
739
879
-244
-351
-966
427
531
-603
-365
-116
346
-748
303
-35
478
366
-636
-930
-225
-471
258
-563
-322
-740
-551
-206
-430
-443
-970
-281
-420
-64
-112
-250
-525
-27
-639
-505
-442
-323
-835
-162
-258
-161
-82
-130
-42
-841
-900
-242
-3
-670
-676
-673
-589
-463
-538
-598
-126
-45
-703
-271
-292
-225
-41
-742
-117
-88
-791
-738
-102
-721
-281
-370
-881
-461
-940
-403
-493
-133
-461
-931
-334
-770
-522
-972
-349
-162
-643
-496
-905
-681
-253
-269
-77
-608
-900
-133
-803
-267
-795
-900
-463
-64
-190
-499
-580
-991
-442
-792
-430
-475
-666
-287
-346
-620
-48
-864
-407
-62
-930
-182
-887
-142
-941
-888
-734
-194
-266
-520
-296
-237
-625
-350
-407
-69
-175
-62
-584
-717
-620
-775
-502
-381
-39
-807
-958
-171
-32
-588
-237
-452
-178
-373
-562
-89
-512
-389
-326
-364
-996
-898
-602
-227
-695
-489
-636
-163
-821
-204
-202
-677
-410
-139
-596
-379
-873
-722
-235
-613
-752
-907
-360
-527
-951
-759
-290
-794
-414
-540
-810
-683
-612
-899
-534
-937
-674
-873
-38
-977
-135
-654
-34
-499
-654
-628
-806
-669
-100
-50
-829
-907
-50
-783
-649
-32
-998
-486
