137
396
-692
844
-137
-56
673
-549
-929
-31
-902
-347
282
230
-793
-294
801
188
399
-471
-374
-212
631
-857
-768
-487
-473
-971
-307
683
-739
189
-801
-530
46
310
908
695
-742
403
862
-168
-487
-276
386
-895
293
-240
574
-517
-989
203
-829
-417
764
-173
-259
776
491
-488
41
755
-420
-313
-697
189
143
-861
-571
325
-463
-87
-555
778
850
192
-261
535
-334
763
-480
-135
101
-275
938
-633
-544
497
-417
560
-642
282
-97
-740
530
55
821
641
-727
-541
238
-683
-47
-429
492
828
738
-614
480
-205
-935
-932
-346
780
844
414
605
-688
-182
444
-670
322
19
550
114
216
-844
365
263
-587
-294
-592
-674
330
-270
-13
-919
-163
-606
802
-134
964
967
271
520
-147
-874
230
-682
-768
722
82
-413
-656
-196
-92
-766
-293
-370
-905
-520
-879
-494
-870
-829
-520
-289
-822
-269
-88
-229
-409
-146
-468
-285
-957
-315
-23
-173
-257
-560
-553
-87
-605
-766
-928
-791
-313
-536
-317
-352
-148
-86
-137
-38
-594
-781
-69
-671
-526
-679
-449
-252
-686
-786
-894
-810
-257
-930
-46
-741
-509
-413
-689
-233
-717
-421
-889
-154
-767
-583
-284
-99
-175
-749
-356
-166
-476
-225
-886
-294
-456
-655
-147
-93
-501
-994
-828
-390
-522
-394
-32
-526
-876
-754
-230
-721
-649
-589
-227
-726
-330
-34
-596
-517
-915
-194
-908
-456
-558
-806
-228
-142
-282
-338
-808
-310
-990
-736
-355
-281
-886
-364
-149
-913
-264
-432
-977
-428
-766
-688
-784
-952
-567
-84
-332
-190
-418
-433
-875
-541
-229
-865
-917
-374
-405
-116
-130
-652
-140
-583
-778
-153
-968
-221
-27
-325
-673
-766
-199
-236
-546
-12
-949
-491
-17
-462
-161
-2
-906
-136
-421
-934
-87
-44
-838
-401
-974
-133
-842
-722
-298
-767
-368
-789
-998
-31
-359
-377
-342
-17
-666
-616
-406
-988
-537
-748
-807
-128
-615
-41
-552
-893
-380
-530
-70
-942
-925
-677
-394
-828
-427
-644
-919
-837
