-283
-289
-885
-177
-806
444
258
195
14
718
-985
413
818
518
-385
-289
-800
832
371
930
-801
135
-246
-218
796
-732
256
-833
-371
-43
313
323
359
283
171
410
651
729
543
-105
336
-186
-679
368
364
-427
-781
-451
-256
267
-138
-394
-556
137
670
-269
173
985
352
-404
-838
-44
-900
-861
-892
351
850
226
839
730
-101
-981
-236
-86
234
-8
30
-162
-100
44
4
860
-73
-54
823
649
692
244
209
86
-722
-108
325
-66
-331
111
-654
-106
273
-395
-5
-637
-491
-943
594
876
-854
120
-224
-45
-931
-460
-756
-143
-767
-437
232
201
672
758
34
-537
-583
258
-508
-78
710
-880
-984
-783
577
-558
-119
-922
67
192
991
774
-962
155
675
-784
329
88
-523
-740
-340
295
386
641
-791
588
-658
811
673
-908
-663
307
804
-700
855
110
-549
404
151
622
717
852
42
237
812
652
418
659
-633
-411
937
-40
-980
675
271
-995
-391
268
311
26
-939
-301
741
-652
485
881
-323
418
-102
940
-865
407
775
-288
355
115
-976
15
-886
-147
-122
-206
965
-489
352
-164
679
68
-37
-130
428
798
484
-635
95
-10
-812
-137
-507
-383
-930
-176
-790
-749
-874
-407
-885
-963
-310
-299
-282
-474
-77
-206
-830
-267
-150
-638
-445
-958
-586
-317
-229
-532
-595
-677
-799
-10
-275
-175
-566
-257
-895
-350
-544
-835
-615
-773
-973
-275
-943
-264
-40
-894
-411
-558
-821
-465
-512
-430
-130
-551
-392
-951
-544
-106
-212
-771
-72
-979
-127
-282
-135
-548
-607
-32
-838
-603
-896
-216
-909
-665
-910
-26
-409
-747
-982
-727
-905
-822
-105
-626
-741
-364
-985
-767
-231
-551
-37
-888
-762
-804
-33
-122
-193
-356
-539
-394
-689
-628
-201
-32
-42
-7
-180
-361
-539
-852
-902
-221
-307
-962
-247
-483
-133
-855
-669
-542
-306
-212
-220
-70
-659
-146
-134
-706
-787
-862
-975
-101
-854
-649
-705
-589
-256
-886
-540
-996
-172
