-910
-633
476
820
-352
966
-732
-175
-956
-459
-684
214
-672
-324
389
83
-439
-557
-45
-181
-681
-304
885
-21
104
551
-218
-174
941
-796
800
-232
-264
-16
586
-125
-603
-297
-747
-254
-180
-566
-611
205
-306
860
-269
-259
269
-560
588
-151
-86
-636
-28
-421
-597
-996
-478
264
-266
-631
219
655
-872
-389
708
201
538
-128
-205
526
-577
811
677
-532
-791
-119
219
-230
474
885
460
600
-254
928
164
-630
-937
-853
-114
-47
-249
-992
721
264
60
627
-686
969
785
452
-973
-504
809
-947
423
508
-368
-632
-160
1000
-716
-154
619
102
-222
531
227
731
-253
-796
-284
109
-907
-26
125
-720
-156
719
-736
364
-911
-168
632
791
-186
-208
-202
364
-854
-242
388
801
-540
249
-738
505
-748
490
673
423
698
-789
-462
878
-250
731
-460
-654
-454
-981
579
820
-868
-435
-804
390
762
-131
-383
574
-326
309
20
-572
-569
-859
957
6
265
866
-395
-216
-321
-935
-152
744
244
-125
25
-202
-799
-280
-123
744
-600
-255
-470
-529
360
-70
999
20
717
-894
-978
406
-305
462
-798
-99
605
-231
886
-323
-408
53
-450
738
32
628
434
-411
59
950
336
454
602
127
869
-103
-961
181
-279
-813
359
-246
-281
892
359
313
-764
892
912
-630
-144
-194
-714
806
-612
786
980
664
991
720
-904
208
-770
-405
-92
-936
5
-396
966
351
-513
897
500
-661
75
787
-479
-476
-181
-416
-187
-785
-422
-790
-163
-571
-193
-680
-352
-444
-323
-994
-240
-81
-958
-372
-462
-399
-3
-739
-254
-805
-558
-650
-459
-425
-321
-956
-968
-240
-80
-941
-996
-714
-447
-927
-565
-540
-487
-892
-134
-316
-571
-331
-682
-813
-200
-735
-111
-278
-92
-437
-644
-231
-846
-552
-250
-405
-342
-698
-608
-880
-779
-461
-16
-457
-974
-452
-77
-646
-831
-660
-215
-313
-526
-562
-216
-310
-604
-754
-990
-842
-125
-638
-903
-440
-521
-383
-845
