471
999
513
-665
-993
0
-479
999
-277
-259
-709
527
681
924
545
-876
-602
253
-160
-57
875
673
-16
369
800
-216
-809
-667
665
589
-272
462
-153
-189
-479
840
-489
779
-978
152
90
-798
-587
-790
-132
145
477
335
-217
211
-902
-827
-949
931
-646
815
-618
-67
-56
572
821
881
513
-157
-493
260
381
-446
-294
638
687
-315
381
112
-596
592
-117
-996
-920
-536
-746
204
-590
865
275
722
936
-934
-457
-359
-956
-20
-799
-495
165
339
555
-55
389
-527
120
470
656
812
-97
889
-647
-186
-958
208
277
-240
948
757
289
394
-351
901
-621
-496
292
-904
-746
180
-631
412
-237
892
29
-579
765
-325
-203
-39
861
-22
-157
-880
305
563
484
23
602
-479
-563
740
49
167
562
602
440
-184
-965
-514
-512
-81
-167
897
172
-965
752
-625
232
-3
-582
28
124
-322
82
365
165
67
-737
-998
-964
-846
-260
80
-644
-795
-376
-961
-781
-825
-975
-97
-828
-781
-171
-849
-168
-766
-188
-419
-459
-769
-580
-226
-560
-692
-558
-323
-491
-36
-522
-180
-10
-334
-590
-909
-989
-74
-979
-864
-884
-128
-768
-785
-848
-618
-321
-110
-793
-405
-225
-471
-1000
-221
-92
-513
-534
-236
-998
-858
-268
-982
-514
-758
-649
-108
-615
-640
-172
-836
-862
-464
-283
-286
-319
-340
-617
-507
-980
-439
-848
-910
-673
-315
-761
-379
-372
-788
-523
-429
-686
-175
-986
-153
-570
-187
-183
-821
-883
-387
-904
-711
-122
-906
-864
-919
-485
-368
-862
-261
-892
-201
-524
-697
-194
-428
-25
-23
-423
-25
-266
-840
-675
-41
-641
-136
-246
-647
-682
-501
-514
-249
-769
-618
-427
-977
-815
-266
-529
-391
-723
-46
-446
-982
-856
-298
-268
-462
-815
-978
-77
-940
-264
-16
-829
-536
-297
-79
-470
-574
-126
-235
-391
-802
-402
-514
-148
-519
-449
-447
-685
-198
-573
-848
-769
-964
-842
-226
-525
-677
-509
-886
-267
-711
-38
-328
-326
-63
-984
-567
-123
