113
-786
-331
953
299
388
732
601
-820
-865
933
-940
945
-955
544
511
558
-609
-127
-163
-600
940
-495
622
245
-401
-497
129
-607
785
-320
763
-434
70
-609
463
-503
-683
934
130
804
625
-747
-331
-710
121
-111
573
633
841
19
-443
-835
-114
842
886
706
446
364
-712
946
-358
-703
273
738
380
177
-101
723
160
-611
-895
-900
17
263
-903
-598
-292
742
279
-555
986
-948
-650
-369
121
257
-831
-884
-219
553
488
933
778
926
-444
-482
-505
178
-901
926
-912
909
826
694
90
-548
541
989
-340
-213
504
541
-876
554
193
-747
248
577
-135
397
-580
106
-550
-113
-422
-373
628
15
398
359
-351
-875
316
-47
-253
-163
704
826
442
-401
-422
914
-210
-932
-827
-526
-199
313
-129
-517
404
182
-782
987
-267
-497
-713
818
-595
-339
-980
606
34
-385
144
242
645
-895
-38
-801
687
-683
-454
937
-911
-344
450
-33
148
-301
467
-354
176
-174
108
920
118
338
992
72
311
809
-995
329
304
430
763
-734
97
-658
189
454
714
-253
-762
109
849
-444
861
-635
-924
790
-373
-248
680
567
-598
-545
530
-961
781
-935
-103
-186
-381
790
507
-229
-56
-456
151
-556
340
899
-235
767
-501
904
-670
239
326
231
618
79
-829
-22
-202
-98
-95
-605
-534
-830
-175
94
-21
-30
-687
-613
490
-329
167
-542
-607
256
-904
957
191
932
792
-316
-984
-25
135
147
-313
832
354
-694
478
-246
940
143
-598
294
360
-84
-830
-439
-453
-288
-621
-202
-57
-657
-499
-420
-3
-930
-447
-20
-438
-685
-301
-101
-524
-178
-490
-714
-973
-174
-893
-842
-511
-40
-811
-222
-165
-58
-672
-743
-488
-425
-600
-787
-873
-696
-995
-637
-879
-161
-561
-695
-709
-893
-68
-727
-766
-741
-583
-779
-611
-824
-541
-87
-308
-872
-294
-452
-526
-98
-781
-856
-442
-580
-655
-578
-750
-349
-192
-7
-907
-942
-885
-223
