183
383
801
-181
516
589
621
5
-141
-911
-490
551
-320
273
-516
-314
-813
-870
-920
-492
-234
-678
-483
-30
-463
288
-26
-742
-183
-172
367
213
354
-464
83
-278
-66
499
-756
480
309
-632
505
-831
-364
-951
72
-58
-738
482
-276
-112
-987
218
-753
848
-759
646
-181
-261
303
-532
355
-630
-388
857
621
98
793
567
-416
87
-245
-424
-802
787
-684
737
-910
-343
-103
735
392
-802
52
828
-75
832
944
-831
633
849
-917
-825
-232
-783
268
-909
-947
208
-417
-393
251
-658
-237
-76
-679
-32
654
890
-933
-662
848
756
279
635
-549
790
-440
668
-145
-877
732
-514
430
-159
-154
-701
-306
-87
125
-272
41
-457
-159
-546
-925
507
676
322
895
944
667
-634
591
-367
560
-852
765
-953
-620
-271
-10
-361
374
232
-1
-421
-723
658
-201
-512
708
-860
-307
-16
-361
722
-791
-440
-87
760
-912
-501
-129
132
308
-982
-314
306
-339
-30
736
-282
646
-985
-168
74
-109
844
884
-164
941
-168
-182
-327
375
88
-996
598
211
532
-289
468
-633
-715
-565
902
229
-356
633
-798
-713
950
-818
469
454
150
705
806
-679
-764
-150
-936
-508
808
-464
-385
-238
-531
82
976
852
-816
-264
601
509
249
977
-128
-104
142
219
-139
-245
473
127
-266
-141
-923
-382
-110
-363
635
855
-117
-200
-66
-699
-616
798
-587
-645
-158
628
-687
93
-690
-931
590
-55
-386
-267
-134
-864
-66
-934
-144
-590
-452
-552
-418
-767
-118
-991
-733
-288
-982
-409
-396
-248
-100
-594
-167
-244
-271
-385
-35
-923
-702
-76
-130
-147
-675
-439
-866
-480
-774
-444
-580
-763
-142
-74
-273
-30
-293
-342
-293
-158
-826
-907
-975
-379
-745
-931
-535
-292
-79
-79
-983
-649
-218
-238
-205
-228
-880
-188
-720
-144
-30
-673
-617
-71
-753
-941
-875
-982
-421
-847
-664
-883
-393
-988
-901
-300
-553
-122
-226
-171
-155
-712
-242
-576
-730
-872
