911
388
762
-524
29
518
-825
-696
762
816
596
418
-482
923
815
-241
-755
-751
167
-884
-415
289
492
890
787
-883
825
-51
-700
-242
162
992
98
378
-738
614
-184
40
-300
235
-783
-1000
-909
-427
-258
-898
-867
-686
-730
830
789
-176
493
-817
319
-853
166
867
-243
-83
323
-673
-594
-845
969
-917
124
-135
510
862
-67
-537
-899
-87
-196
-934
-597
-578
852
450
-629
919
816
-427
897
518
77
566
-395
93
811
-339
121
-100
197
-377
391
-663
-85
743
709
-348
-54
466
-114
-391
435
471
-128
813
134
-706
805
617
-350
641
565
126
-642
-569
431
-615
-910
291
964
-557
-470
490
-171
-78
-13
-660
371
884
-66
-866
-1
-303
-25
-189
35
-287
-173
82
-635
91
231
563
547
-440
290
396
-317
-779
-21
330
-633
-685
-837
985
394
821
-34
-407
-382
834
820
850
41
-733
-688
-463
974
-77
832
-685
-406
-339
-300
409
-924
-537
-236
-157
995
421
477
-642
532
469
487
-289
911
871
433
-863
456
250
-685
-263
-721
768
905
-690
-246
-835
-230
-819
-456
-417
750
-758
-703
-189
-807
609
657
-474
70
314
-547
58
663
305
758
-103
-737
360
333
120
-153
379
646
-283
-12
-713
727
134
80
-166
-994
948
632
-352
-139
851
-81
-873
-362
-731
-89
-403
-474
-909
-283
-598
-949
-143
-354
-266
-35
-45
-696
-903
-426
-598
-318
-178
-291
-218
-976
-501
-33
-925
-446
-909
-863
-645
-332
-935
-142
-408
-623
-762
-19
-839
-92
-941
-911
-134
-507
-654
-219
-117
-767
-447
-521
-94
-971
-505
-568
-639
-986
-229
-927
-433
-282
-793
-480
-805
-844
-451
-803
-175
-675
-446
-926
-574
-430
-693
-99
-891
-752
-165
-837
-289
-251
-881
-565
-264
-262
-118
-158
-228
-687
-96
-421
-210
-271
-784
-218
-991
-414
-720
-903
-568
-985
-366
-419
-572
-715
-720
-334
-458
-730
-316
-901
-246
-929
-88
-168
-174
-836
-147
-128
