38
35
35
48
22
2
44
0
49
45
4
25
31
25
16
25
41
12
36
45
38
1
10
4
35
14
29
13
37
22
2
20
33
18
31
41
24
25
26
49
12
42
25
39
5
27
39
19
24
0
27
42
31
38
9
21
38
21
2
34
4
33
1
20
44
14
46
45
7
14
38
0
20
25
30
40
32
20
35
13
9
13
12
38
20
6
31
15
24
47
21
17
0
14
23
14
15
41
40
34
2
45
25
48
42
39
19
12
16
46
42
25
21
5
32
17
12
25
42
31
43
16
1
0
8
0
42
0
50
38
47
9
36
37
38
22
33
9
2
37
6
17
38
43
15
2
45
45
5
9
44
4
28
28
39
24
28
45
31
41
20
8
35
9
32
15
42
48
3
46
37
6
49
49
33
31
49
44
48
12
41
11
25
16
48
40
16
16
13
3
31
14
42
1
21
47
2
21
25
17
49
8
44
36
12
43
35
35
2
23
42
31
38
45
25
42
15
24
44
9
14
15
5
23
35
7
14
37
50
10
47
2
45
18
35
50
43
19
2
25
33
33
32
25
17
18
23
22
34
42
7
41
30
25
3
25
39
48
31
3
8
21
50
9
18
10
39
48
40
0
2
38
33
45
10
27
10
15
11
0
0
0
0
0
0
0
0
0
0
0
0
0
0
0
0
0
0
0
0
0
0
0
0
0
0
0
0
0
0
0
0
0
0
0
0
0
0
0
0
0
0
0
0
0
0
0
0
0
0
0
0
0
0
0
0
0
0
0
0
0
0
0
0
0
0
0
0
0
0
0
0
0
0
0
0
0
0
0
0
0
0
0
0
0
0
