5
24
34
45
6
33
13
36
1
19
35
22
8
7
22
44
9
31
11
24
5
23
28
17
12
30
21
12
27
0
49
3
15
7
34
47
27
13
35
27
12
4
29
15
21
46
27
41
12
2
18
3
29
47
24
44
35
37
34
32
0
12
41
6
13
36
10
35
19
39
25
39
21
29
1
47
16
19
23
4
17
39
36
44
46
20
15
47
44
12
1
48
8
22
17
50
30
41
9
46
20
23
32
31
18
1
9
12
27
16
31
7
14
15
15
9
11
11
15
46
40
3
17
2
43
47
49
33
35
0
11
9
49
6
47
25
37
10
37
2
42
10
13
8
10
1
8
8
37
32
3
2
36
19
15
7
5
25
49
15
25
12
20
33
34
22
31
12
20
24
46
19
34
0
0
0
0
0
0
0
0
0
0
0
0
0
0
0
0
0
0
0
0
0
0
0
0
0
0
0
0
0
0
0
0
0
0
0
0
0
0
0
0
0
0
0
0
0
0
0
0
0
0
0
0
0
0
0
0
0
0
0
0
0
0
0
0
0
0
0
0
0
0
0
0
0
0
0
0
0
0
0
0
0
0
0
0
0
0
0
0
0
0
0
0
0
0
0
0
0
0
0
0
0
0
0
0
0
0
0
0
0
0
0
0
0
0
0
0
0
0
0
0
0
0
0
0
0
0
0
0
0
0
0
0
0
0
0
0
0
0
0
0
0
0
0
0
0
0
0
0
0
0
0
0
0
0
0
0
0
0
0
0
0
0
0
0
0
0
0
0
0
0
0
0
0
0
0
0
0
0
0
0
0
0
0
0
0
0
0
0
0
0
0
0
