45
48
37
8
35
21
31
8
16
2
27
44
31
5
37
21
39
7
34
25
43
48
26
41
30
15
19
19
21
46
21
5
2
21
26
19
45
0
14
2
13
44
21
4
19
46
30
36
39
47
23
4
16
11
36
5
11
37
40
16
16
8
10
9
27
11
42
10
19
30
4
38
18
3
39
15
11
30
24
8
41
29
7
9
45
36
33
21
9
30
43
8
31
24
9
47
39
36
3
44
16
31
16
46
47
45
37
35
1
5
39
46
25
14
15
40
0
14
44
37
16
1
50
17
27
14
4
42
31
35
7
27
16
5
48
22
20
47
19
27
44
31
15
49
42
10
26
48
1
6
22
40
22
4
38
11
38
35
17
12
33
20
32
15
13
3
9
25
23
34
11
27
14
7
14
41
15
14
14
11
31
46
21
6
25
18
39
41
11
33
0
47
14
40
46
16
9
35
36
4
18
10
22
21
48
31
14
47
42
3
8
8
0
28
11
30
6
30
10
33
29
40
6
17
21
24
22
32
50
22
17
6
30
41
48
26
30
9
25
45
4
17
28
25
0
0
0
0
0
0
0
0
0
0
0
0
0
0
0
0
0
0
0
0
0
0
0
0
0
0
0
0
0
0
0
0
0
0
0
0
0
0
0
0
0
0
0
0
0
0
0
0
0
0
0
0
0
0
0
0
0
0
0
0
0
0
0
0
0
0
0
0
0
0
0
0
0
0
0
0
0
0
0
0
0
0
0
0
0
0
0
0
0
0
0
0
0
0
0
0
0
0
0
0
0
0
0
0
0
0
0
0
0
0
0
0
0
0
0
0
0
0
0
0
0
