31
9
15
21
32
49
48
38
37
31
29
20
7
30
49
9
13
47
46
23
30
27
31
10
32
30
3
20
2
4
33
36
16
38
31
0
46
22
46
18
22
15
44
49
30
5
16
11
24
19
43
45
14
25
14
5
31
27
49
22
45
49
30
7
0
26
48
40
31
20
41
9
20
7
22
0
32
9
20
39
0
20
6
44
6
8
21
30
39
33
8
50
40
19
10
32
10
16
11
40
3
16
19
43
47
10
48
26
0
23
29
36
0
32
33
3
19
13
40
34
4
34
17
20
10
34
40
2
43
15
6
39
40
6
3
39
50
10
39
33
20
1
40
2
12
21
4
18
11
40
6
15
6
23
30
0
0
0
0
0
0
0
0
0
0
0
0
0
0
0
0
0
0
0
0
0
0
0
0
0
0
0
0
0
0
0
0
0
0
0
0
0
0
0
0
0
0
0
0
0
0
0
0
0
0
0
0
0
0
0
0
0
0
0
0
0
0
0
0
0
0
0
0
0
0
0
0
0
0
0
0
0
0
0
0
0
0
0
0
0
0
0
0
0
0
0
0
0
0
0
0
0
0
0
0
0
0
0
0
0
0
0
0
0
0
0
0
0
0
0
0
0
0
0
0
0
0
0
0
0
0
0
0
0
0
0
0
0
0
0
0
0
0
0
0
0
0
0
0
0
0
0
0
0
0
0
0
0
0
0
0
0
0
0
0
0
0
0
0
0
0
0
0
0
0
0
0
0
0
0
0
0
0
0
0
0
0
0
0
0
0
0
0
0
0
0
0
0
0
0
0
0
0
0
0
0
0
0
0
0
0
0
0
0
0
