10
23
46
22
26
26
7
43
7
30
10
11
1
19
6
2
38
44
48
12
29
19
36
43
2
48
32
15
17
47
50
36
38
15
15
8
47
33
30
17
31
29
15
16
43
42
43
22
5
10
47
46
2
19
40
6
0
6
41
19
50
0
46
25
16
47
2
1
43
41
5
1
42
17
23
5
37
1
24
32
24
11
28
16
27
43
0
12
5
12
17
2
43
30
3
10
50
49
43
38
5
34
14
17
40
41
6
41
18
15
34
40
22
5
37
23
31
47
44
22
29
26
24
50
49
27
27
27
10
0
9
49
10
7
47
25
29
26
41
33
13
40
37
1
22
49
38
45
17
10
16
41
49
31
7
42
28
28
19
1
32
42
29
32
6
28
22
19
16
6
0
6
7
34
17
40
26
36
6
47
12
10
34
36
45
30
43
41
43
40
2
7
39
23
33
37
40
34
43
38
43
7
24
17
26
10
39
47
27
47
23
48
12
8
48
21
20
48
18
23
8
1
34
50
15
7
36
12
15
8
50
39
25
17
7
0
0
0
0
0
0
0
0
0
0
0
0
0
0
0
0
0
0
0
0
0
0
0
0
0
0
0
0
0
0
0
0
0
0
0
0
0
0
0
0
0
0
0
0
0
0
0
0
0
0
0
0
0
0
0
0
0
0
0
0
0
0
0
0
0
0
0
0
0
0
0
0
0
0
0
0
0
0
0
0
0
0
0
0
0
0
0
0
0
0
0
0
0
0
0
0
0
0
0
0
0
0
0
0
0
0
0
0
0
0
0
0
0
0
0
0
0
0
0
0
0
0
0
0
0
0
0
0
0
0
