45
13
20
28
31
5
26
32
30
46
5
23
24
33
26
2
18
49
43
15
8
37
37
33
43
33
36
33
35
1
27
17
24
5
18
2
21
26
15
33
43
28
23
31
38
15
13
49
35
2
30
34
34
48
20
20
38
4
6
24
49
50
46
16
8
25
17
22
45
45
43
38
3
48
16
10
41
8
26
16
38
3
24
36
25
26
34
31
50
32
10
39
40
44
0
33
30
32
32
26
8
2
4
9
2
13
18
0
40
19
49
15
18
36
24
8
43
27
4
18
45
34
47
40
29
45
26
13
8
45
31
16
12
33
22
39
45
6
18
13
20
43
10
10
14
33
5
4
21
33
5
18
36
23
48
4
48
21
32
40
11
26
34
27
7
17
34
45
35
14
38
17
49
39
8
16
24
24
27
26
35
33
14
43
38
32
25
34
30
29
15
3
11
39
7
18
16
50
43
30
22
0
0
0
0
0
0
0
0
0
0
0
0
0
0
0
0
0
0
0
0
0
0
0
0
0
0
0
0
0
0
0
0
0
0
0
0
0
0
0
0
0
0
0
0
0
0
0
0
0
0
0
0
0
0
0
0
0
0
0
0
0
0
0
0
0
0
0
0
0
0
0
0
0
0
0
0
0
0
0
0
0
0
0
0
0
0
0
0
0
0
0
0
0
0
0
0
0
0
0
0
0
0
0
0
0
0
0
0
0
0
0
0
0
0
0
0
0
0
0
0
0
0
0
0
0
0
0
0
0
0
0
0
0
0
0
0
0
0
0
0
0
0
0
0
0
0
0
0
0
0
0
0
0
0
0
0
0
0
0
0
0
0
0
0
